0 0.4383477188655981 0.4781134401972873 0.06041923551171388 0.06103575832305796
0 0.5265104808877923 0.5779901356350181 0.03205918618988867 0.10912453760789152
0 0.42478421701602975 0.5641183723797775 0.05302096177558548 0.07398273736128222
0 0.5850801479654746 0.4929099876695438 0.05548705302096177 0.07953144266337855
0 0.5628853267570907 0.25616522811344034 0.05548705302096175 0.05363748458692985
0 0.5123304562268812 0.19327990135635023 0.053020961775585275 0.06843403205918609
0 0.6023427866831073 0.26448828606658437 0.053020961775585726 0.07768187422934647
0 0.5863131935881629 0.17570900123304553 0.048088779284833426 0.08138101109741064
0 0.3927250308261406 0.3634401972872996 0.06041923551171388 0.06103575832305796
0 0.4383477188655981 0.4781134401972873 0.06041923551171388 0.06103575832305796
0 0.37422934648582007 0.5003082614056723 0.04069050554870488 0.11282367447595601
0 0.49445129469790383 0.4364981504315659 0.03699136868064107 0.048088779284833336
0 0.5893958076448826 0.4180024660912453 0.03452527743526505 0.044389642416769265
0 0.5308261405672012 0.34864364981504337 0.050554870530209545 0.05363748458692966
0 0.6498150431565972 0.3384710234278664 0.05178791615289711 0.066584463625154
0 0.5770653514180024 0.6686189889025889 0.036991368680641595 0.11282367447595569
0 0.5462392108508013 0.5086313193588158 0.029593094944513093 0.04808877928483266
0 0.4753390875462392 0.6797163995067819 0.06041923551171388 0.06103575832305796
0 0.5147965474722564 0.7703452527743528 0.06041923551171388 0.06103575832305796
0 0.4882860665844633 0.48088779284833516 0.027127003699137456 0.03329223181257641
0 0.48581997533908783 0.5160295930949437 0.05178791615289748 0.06658446362515413
0 0.6874229346485821 0.45776818742293474 0.05548705302096177 0.07953144266337855
0 0.41491985203452536 0.6344019728729957 0.05302096177558548 0.07398273736128222
0 0.37669543773119635 0.6436498150431558 0.033292231812576706 0.0628853267570893
0 0.4926017262638722 0.35974106041923576 0.05055487053020958 0.0943279901356351
