0 0.5745992601726264 0.19790382244143032 0.046855733662145654 0.059186189889026186
0 0.4747225647348951 0.2968557336621455 0.041923551542585154 0.046239210850801814
0 0.5511713933415536 0.26633785450061653 0.02712700369913708 0.0739827373612826
0 0.5745992601726264 0.48088779284833544 0.046855733662145654 0.059186189889026186
0 0.6325524044389639 0.28575832305795307 0.046855733662145634 0.12022194821208428
0 0.5856966707768188 0.34771886559802717 0.046855733662145654 0.059186189889026186
0 0.5844636251541308 0.3976572133168927 0.046855733662145654 0.059186189889026186
0 0.43403205918618987 0.33847102342786684 0.046855733662145654 0.059186189889026186
0 0.5203452527743525 0.44944512946979037 0.046855733662145654 0.059186189889026186
0 0.5043156596794077 0.5114056720098644 0.05425400739827383 0.08692971639950678
0 0.4623921085080166 0.39488286066584555 0.04685573366214554 0.035141800246608824
0 0.39087546239210846 0.340320591861899 0.046855733662145654 0.059186189889026186
0 0.4204685604917522 0.5474722564734908 0.046855733662145536 0.08508014796547353
0 0.3699136937662583 0.4281750924784221 0.04685573366214547 0.09432799013563545
0 0.4500616532091146 0.4420468557336634 0.03699136942302474 0.05918618988902467
0 0.5302096126519712 0.6565967940813825 0.03699136942302474 0.05918618988902467
0 0.4192355149618621 0.44759556103575965 0.046855733662145536 0.08508014796547353
0 0.3884093781065791 0.49938347718865644 0.05672009864365026 0.11097410604192383
