0 0.45869297163995126 0.2903822441430332 0.049321824907521655 0.05178791615289761
0 0.6646115906288541 0.33939580764488264 0.04932182490752169 0.12022194821208415
0 0.5801479654747234 0.2256473489519112 0.07521578298397029 0.07768187422934647
0 0.5024660912453757 0.15443896424167675 0.06535141800246574 0.0943279901356349
0 0.44143033292231837 0.19512946979038212 0.06165228113440183 0.09062885326757093
0 0.46300863131935927 0.4004315659679406 0.05795314426633799 0.06473489519112223
0 0.5339087546239216 0.23859432799013539 0.039457459926017124 0.08138101109741051
0 0.5758323057953152 0.310727496917385 0.032059186189888664 0.05178791615289758
0 0.6103575832305793 0.500308261405672 0.049321824907521614 0.0832305795314427
0 0.5869297163995073 0.3800863131935882 0.049321824907521614 0.06473489519112184
0 0.5764488286066591 0.4383477188655974 0.05548705302096204 0.05178791615289755
0 0.5308261405672017 0.3403205918618983 0.05548705302096204 0.05178791615289755
0 0.4852034525277442 0.45499383477188593 0.05548705302096204 0.05178791615289755
0 0.5357583230579541 0.38193588162761954 0.030826140567200847 0.04623921085080146
0 0.5197287299630092 0.40043156596793983 0.028360049321825502 0.035141800246608505
0 0.5764488286066591 0.4383477188655974 0.05548705302096204 0.05178791615289755
