0 0.47163992900985685 0.25524044389642425 0.06535141494013533 0.1109741060419232
0 0.3717632409959604 0.5474722564734897 0.06535141494013533 0.1109741060419232
0 0.7157829439280973 0.26818742293464864 0.06535141494013533 0.1109741060419232
0 0.4864364753685377 0.13964241676942055 0.05548705070101436 0.09802712700369887
0 0.6152897332420539 0.29778051787916154 0.0838470978884866 0.07028360049321791
0 0.4099876525153523 0.2090012330456226 0.050554868581454214 0.0813810110974103
0 0.35758320891121315 0.39673242909987705 0.07398273429895165 0.05733662145499346
0 0.48890256772748886 0.35141800246609156 0.045622684977127535 0.08508014796547414
0 0.3736128020061574 0.2728113440197286 0.05672009558131939 0.07583230579531432
0 0.6245375862231739 0.19327990135635026 0.0924784186392719 0.12022194821208342
0 0.6504315442996222 0.41060419235511714 0.06535141494013533 0.1812577065351414
0 0.5548705159651343 0.5715166461159066 0.12083846796109747 0.11097410604192326
0 0.5789149056075511 0.7435265104808879 0.06535141494013533 0.1109741060419232
0 0.6948211941402271 0.7379778051787917 0.06535141494013536 0.1405672009864361
0 0.28298395616242183 0.6510480887792851 0.06535141494013533 0.13316892725030774
0 0.451911206470683 0.528976572133169 0.06535141494013533 0.1109741060419232
0 0.43649813618708244 0.36806411837237973 0.05425400433594297 0.09617755856966688
0 0.294081366766614 0.3162762022194822 0.06535141494013533 0.1109741060419232
0 0.35141798822160775 0.32552404438964244 0.05178791309056702 0.06288532675708951
0 0.5672009721920148 0.22009864364981496 0.036991365618310276 0.11097410604192313
0 0.43711465899842655 0.6556720098643654 0.07028359743088765 0.10542540073982684
0 0.2681874086901652 0.4383477188655985 0.0604192324493833 0.14796547472256372
0 0.49136866639670024 0.5086313193588164 0.05055486746787909 0.08138101109741021
0 0.5357583088134693 0.10727496917385952 0.12453760482916079 0.08877928483353842
0 0.5887792705890553 0.36436498150431584 0.05055486746787909 0.08138101109741021
0 0.5209617613412132 0.5021578298397018 0.05302095871325494 0.049938347718865114
0 0.581997519664271 0.49383477188655944 0.07644882554432832 0.05918618988902558
0 0.5258939438319649 0.22009864364981482 0.04562268497712675 0.09617755856966675
0 0.316276187974999 0.4966091245376081 0.06535141494013536 0.07953144266337815
0 0.3816276134013009 0.7093094944512964 0.10974106069763093 0.1017262638717628
